374540
796543
950715
183434
731994
779691
598659
596850
156018
445833
155994
99975
58083
459249
866177
333708
601115
142866
708073
650889
20584
56411
969910
721999
832443
938553
212339
778
181825
992212
183404
617482
304242
611653
524756
7066
431945
23062
291229
524775
611853
399861
139494
46665
292144
973756
366362
232771
456070
90606
785176
618386
199673
382462
514234
983231
592415
466763
46450
859941
607545
680308
170524
450499
65051
13264
948886
942202
965633
563288
808398
385416
304614
15966
97672
230894
684233
241025
440152
683264
122038
609997
495177
833195
34388
173364
909321
391061
258780
182236
662522
755362
311711
425156
520068
207941
546710
567700
184854
31313
969585
842285
775133
449754
939499
395150
894828
926659
597900
727272
921875
326541
88492
570444
195983
520834
45227
961172
325330
844534
388677
747320
271349
539692
828738
586751
356753
965256
280934
607034
542696
275999
140924
296273
802197
165267
74550
15636
986887
423401
772245
394881
198715
293488
5522
14079
815462
198842
706858
711342
729007
790176
771271
605960
74044
926301
358466
651077
115869
914960
863104
850039
623298
449451
330898
95410
63558
370818
310982
668841
325183
665923
729606
591298
637558
274722
887213
561243
472215
382927
119594
971713
713245
848914
760785
721730
561277
235985
770967
256068
493796
40433
522733
710663
427541
110890
25419
439336
107891
201719
31429
895764
636411
475370
314356
563276
508571
695516
907567
139331
249292
604417
410383
539841
755551
203061
228798
942854
76979
598866
289751
694785
161221
880468
929698
624354
808121
295633
633404
105494
871461
456535
803672
218440
186570
416510
892559
883281
539342
324345
807440
122088
896092
356298
318003
906829
110052
272132
227935
647690
427108
520
818015
352569
860731
304781
6952
164656
510747
534089
417411
484830
222108
692436
119865
269412
337615
244125
942910
168291
323203
218764
518791
558102
703019
403836
363629
64892
971783
253915
962448
246876
251782
696304
497248
712271
300878
148087
284840
997741
36886
266781
609564
976615
502679
411037
51478
33050
278646
345071
908266
634351
239562
680706
144895
530935
489453
447783
985651
552893
242055
592697
672136
80853
761620
369654
237637
242160
728217
803140
367783
470301
632306
983424
633530
398824
535775
816432
90289
798345
835303
150717
320780
508199
186518
695813
40775
858359
590893
325959
677565
220241
16587
711150
512093
809501
226496
348666
645173
96176
174366
940524
690938
397572
386735
517751
936730
837710
137521
675690
341066
735216
113473
209071
924694
541448
877340
695785
257941
228550
659984
174955
817223
982169
555201
516636
529651
260829
241852
996254
93102
965420
897216
558294
900418
882637
633102
188707
339030
278871
349209
700358
725956
846661
897111
856325
887087
404508
779876
887770
642032
850929
84140
935635
161628
785341
898555
668988
606429
580687
9197
372283
101471
940134
663502
973664
5061
283921
160808
305364
548734
485614
691895
448424
651961
994458
224269
175925
712179
18075
237249
493894
325400
178822
746492
366469
649633
744171
849224
720940
657613
308061
568309
542540
93674
508814
367716
636333
265202
250462
243989
589871
973011
978893
393098
486742
892047
906099
631139
434394
794812
350078
502637
645104
576904
668924
492518
864168
195243
230185
722452
499193
280772
572004
24315
768554
645472
43603
177110
994551
940459
469944
953929
279560
914865
883494
370159
747719
15456
953072
928319
330750
428184
552765
966655
572293
963620
980332
853010
75346
294449
305697
385098
190911
851137
268475
316922
485280
169492
372687
556801
394691
936155
844213
696030
930017
570061
70416
97176
208918
615007
671144
990054
358647
140084
254163
518330
295290
877373
322551
740769
848670
697016
136621
702484
708911
359491
552820
293592
296510
809361
419781
810114
256207
867073
611514
913241
81594
511342
5184
501516
627895
798295
194274
649964
70940
701967
396784
795793
50768
890006
886618
337995
27616
375583
578865
93982
438474
578280
672026
35942
328152
465598
155041
542645
981841
286541
838934
590833
860405
30500
250251
37348
38834
822601
303265
360191
537082
127060
326651
522243
827869
769994
271543
215821
965252
622891
457265
85347
842023
51681
194380
531355
411354
540635
699512
637430
138353
726092
132745
975853
969537
516300
714595
322956
41067
795186
398821
270832
433521
438971
744043
78456
250860
25350
184333
962649
80873
835980
428314
695974
688500
408953
58193
173294
915214
156437
442352
250243
239787
549227
93873
714596
182866
660198
934614
279934
638271
954866
516696
737897
657111
554354
435673
611721
730040
419600
47716
247731
566037
355973
158646
757846
120164
14393
341880
116072
91799
46002
94157
40728
311413
855461
979511
703658
175330
474174
17161
97834
763365
491616
806913
473472
346304
173202
464674
433852
649774
398505
48058
615850
949146
635094
886681
45304
260893
374612
15304
625860
933437
503136
501040
856490
539377
658694
683964
162934
615851
70568
943892
642419
944252
26511
867199
585776
636404
940231
800950
575474
677169
388170
573367
643288
128500
458253
811204
545617
820640
941465
625940
386103
820427
961191
651485
905351
206684
195791
273961
69361
214589
100778
377259
18221
38963
94443
618254
683007
336554
71188
655723
318975
385397
844876
681614
23271
340624
814469
260694
281855
496037
118164
692891
696737
348336
628943
936649
877472
39186
735071
417946
803481
967581
282034
547972
177439
423471
750615
568520
806835
575925
990506
731648
412618
127689
372018
250016
776413
580544
340803
867117
930758
561867
858413
238597
428994
679845
750871
739909
754543
238236
103123
377729
902553
534328
505252
496561
826458
389618
320049
297635
895524
99984
389202
53485
10837
958542
905382
847143
91286
354905
319313
956801
950062
676770
950608
482521
573438
493026
631837
83284
448445
91704
293211
602441
328664
553703
672519
212728
752375
946195
791579
781296
789618
113464
91206
930930
494420
974249
57558
995932
549529
55871
441530
737036
887705
545916
350915
705832
117067
968652
142991
688030
761511
836964
618218
866869
101122
838481
84106
426091
700969
222576
72763
396651
821860
891897
706242
146604
81348
513326
84837
233228
986640
581305
374271
863139
370642
880360
812800
236685
947249
907694
986002
591889
753378
350218
376259
708181
83500
481667
777147
377987
558404
705085
424222
248724
906355
330252
111197
434452
492625
253682
11353
405202
468661
571473
56303
740974
118818
767195
117526
822791
649210
744212
746045
681040
583369
237506
962173
400223
374870
477715
285712
82891
868599
528370
223596
436336
963223
802110
12154
977901
969879
556005
43159
322686
891144
43400
527701
924644
992965
919116
73796
252990
553854
695411
969303
75434
523098
166215
629399
216809
695749
294494
454541
995832
627558
696925
584314
384202
901158
737101
45446
915255
280963
958703
950412
57863
890264
394522
455657
106756
620133
335660
277381
169680
188121
646849
463698
388268
353352
229394
583656
265938
77734
360345
974395
259950
986211
453241
698162
32315
536096
279763
309527
411207
813795
602782
684731
270957
162617
133185
910928
76200
822538
940532
949800
416639
725720
581163
613415
919177
418243
82748
932729
876662
866064
551588
45218
164834
26367
411255
376463
777603
810554
480370
987277
985287
150417
376739
594131
749579
380891
392989
969915
829165
842119
569082
838329
63511
468693
36821
414819
133852
273407
13671
56375
75359
864723
691715
812901
534346
999718
749911
996637
913166
555432
585150
768988
726121
944766
757081
849648
377850
247348
241085
450544
205045
129159
251442
954051
274732
606175
207227
228643
878221
671701
756999
618128
46896
358163
268672
113557
22184
671573
498165
520308
476211
772319
831372
520164
307777
852182
816386
551907
967974
560938
88408
876654
791818
403483
589956
134015
480046
28782
420536
755138
784669
620310
639361
704080
805045
212964
903151
136371
617264
14544
980463
350587
608088
589918
636644
392244
554816
437475
91002
904159
726397
348255
547446
513990
450910
783653
910472
396543
297959
622087
523602
862364
697642
949521
796472
147073
459347
926588
842092
492116
768918
258244
66236
459136
45861
980033
620806
492618
347413
328751
209131
633401
579650
240145
341563
75863
537263
128879
460119
128045
584766
151902
400300
138827
697668
640875
180067
181880
696502
345667
411661
896789
874318
473962
515236
667558
973111
172320
601936
192289
223849
40868
821791
168935
345082
278590
347619
177010
31804
88702
548715
120635
534424
460779
355991
206333
894218
364270
128748
503417
330099
690395
321583
39312
92290
799411
481145
627901
687785
81759
511657
873579
156977
920873
377286
61078
2595
276877
868301
806202
84517
748260
597278
184521
986257
209349
536591
370472
924042
484523
236116
618255
759956
368914
531266
462535
720516
747471
62341
36683
147739
252437
133117
713350
687166
895207
844441
511677
749616
532114
30472
107172
867215
447412
354147
532617
397164
242470
104869
269243
737405
377284
182284
20071
563965
322079
840710
211448
89204
327497
535336
119762
233216
890528
342927
593593
473970
679102
355104
789172
648823
498442
479582
86920
584200
537107
736823
586841
557742
745440
586536
431659
564459
127580
378773
283776
337447
363082
899648
645917
607555
570778
244353
356097
498248
986516
330348
605775
933692
237227
7534
101782
225333
152859
365357
245957
487810
160681
850818
186567
87887
285095
805865
173373
55653
896766
842314
80233
51635
524511
18242
410397
696962
982379
997256
112039
896611
397855
575998
969471
917396
865507
5300
817072
975068
257903
490749
170887
722896
668643
820862
929376
718457
556763
535037
571613
476619
279979
838583
769493
205077
187043
967995
323679
710953
425436
199507
507610
736247
242409
529840
114836
707230
610620
767780
288630
87290
581238
506104
154362
932015
481140
320642
532589
593883
51823
369230
336604
454268
134414
548603
63375
548922
989961
201730
322354
684572
809875
87868
254640
138824
681503
2710
760228
116696
595639
473166
471576
606102
411841
794290
348868
106699
929530
850728
830620
745975
965027
408518
124297
932938
730868
990930
938341
205002
181233
379228
66496
926450
741121
721597
574473
48094
841829
781515
139772
827941
795268
750502
201627
799537
163656
825133
164265
186405
814575
235691
665197
633759
523065
907867
358830
316196
877201
588307
392445
682982
816600
451949
439135
713783
376944
899668
462680
624102
301378
539781
747610
438745
502720
577486
232212
355362
899575
391482
383891
531858
543553
66619
906473
229025
624238
542849
116898
431528
939833
332816
627708
730549
334905
693718
139272
166730
794025
878629
620073
495424
533461
741461
893893
573151
788597
997693
151675
752403
311722
706981
248489
778572
743947
143128
33532
204544
569890
714064
762459
493981
876766
754636
342082
102916
821258
536481
110631
378821
846453
457000
127488
603958
397287
502288
797296
539861
149917
486357
229251
408955
722253
771882
720037
12203
641148
598443
693949
565508
542724
716179
251799
599029
345696
826799
181597
959075
908451
342524
583392
227351
400851
423597
462006
287929
947284
614950
153351
911853
586230
139116
505889
100794
611454
256015
18110
726096
872124
592963
932119
102212
565133
918751
696651
790085
922500
23022
707239
651367
152539
771247
576288
374435
606715
68921
424131
77321
736444
104247
934367
840440
925569
910687
450839
122810
113238
235906
984842
165520
838898
186321
124662
837491
920842
332146
869897
311444
518838
227395
591276
607895
399003
379306
54761
744250
335197
205580
802854
787790
4632
603722
333499
114267
398169
414504
537396
863519
919856
922961
346346
465700
346953
480837
737501
918455
452218
587068
224605
32846
452439
912750
140857
248226
176387
577632
498368
165513
418925
33879
914846
311473
362394
780496
580588
277587
632264
220097
13094
212680
663538
515174
178036
975542
961071
458989
148662
557305
414624
860632
85349
535070
996875
184463
502195
299596
595385
309937
67076
397318
749961
426789
209905
799782
898055
349387
205139
468232
190687
624976
36549
377726
472067
836565
564841
587454
65708
294044
775528
714059
453289
527648
524390
534456
440763
481088
400763
497012
559640
765357
155240
102981
181928
334363
861786
75503
946116
753246
373309
272302
270744
897431
644000
526578
408734
800750
25386
978932
156152
839789
715972
866994
658924
407984
27096
551723
221972
253888
231075
196113
671893
505508
19710
595049
104108
339271
799916
569444
178544
887461
652746
556722
238183
720813
99441
805315
243172
988729
722267
603198
855697
806850
830220
962650
397183
944410
668085
141081
204984
406392
293148
323990
896336
86925
13001
633241
85508
735905
207886
848128
26532
122777
181435
876444
583042
642926
421424
703946
892672
910624
817444
624761
341817
335866
259423
825108
379692
363059
590295
34228
268063
830655
624149
345192
409412
773835
552047
362758
436126
861068
294466
219510
948454
974548
763606
779759
140113
114238
868468
565777
487431
985368
894553
471065
799856
182107
425213
484778
22469
512458
268677
741687
541634
698846
633478
402550
257887
218023
139356
645054
834931
421704
984403
132276
525690
900573
171679
691222
272307
683184
18390
822584
914299
529662
117751
815055
576517
498091
274055
67175
554178
405248
651421
497465
829742
720203
206421
106578
10995
140018
136885
263684
900019
266498
873890
732185
597413
250730
600517
633098
665037
494274
175371
573294
914412
838107
418770
404381
383138
770912
518918
422036
46966
353871
166283
958628
738034
184371
82798
90337
603152
770986
245349
68249
389296
837079
288694
437193
355673
915514
719046
721533
297122
610405
566405
949307
476050
396649
663671
954087
936830
135001
732572
483755
214940
269911
31183
539843
262264
162014
595078
841530
51425
846408
496366
955237
596843
154672
334244
623333
770912
474237
106598
344384
75137
351540
728189
412793
495491
704926
688403
598286
434827
459681
246402
75933
819103
77765
799416
2339
694697
967700
272145
5253
590231
103093
360974
314596
91582
807431
917314
962099
136818
790014
950238
690560
446006
521301
185133
86705
541901
958171
872946
758393
732225
638950
806561
759036
658784
724104
692277
637232
849196
980577
249668
903364
489425
646665
221209
693175
987669
51595
944060
669918
39426
44165
705575
588264
925249
999354
180575
555807
567945
473210
915489
312855
33946
120522
697420
731024
297349
192599
924397
115282
971059
421763
944267
795342
474214
745065
862043
54882
844550
455144
319100
522435
828916
644547
37007
650167
596270
364697
230009
560677
120567
481062
76953
884999
696289
530265
339875
441032
724767
404485
65356
572428
315290
803977
539491
538402
790723
661655
318752
737856
625892
520168
885978
426817
615863
876666
232959
417506
24400
461943
870099
990342
21269
237
874702
185473
528937
383964
939068
932590
798784
70029
997935
9485
350712
52683
767189
88543
401931
37596
479876
479781
627506
580757
873677
271687
984084
398287
768274
91699
417767
336370
421357
522519
737583
732272
238777
3346
110474
467311
354622
297003
287239
852822
296308
715554
233607
589109
42093
277265
17873
910340
987723
45100
427773
109467
384327
391630
679647
124437
218254
956416
949962
797990
786345
258982
89411
588554
417581
982331
879119
884199
944732
600799
467401
903724
613411
989185
167034
743353
991169
64986
231671
401580
942732
837826
649647
230569
607737
830643
512689
120338
230670
46945
176528
384090
220486
36731
186438
957271
779585
826206
350125
800770
57842
629778
969103
216324
883786
518260
927753
597274
994908
525032
173895
260233
396242
515248
758239
491186
696021
996336
153896
897437
815833
463381
224440
622938
223817
747872
536974
34865
592940
894922
580086
860127
91486
457432
877461
391170
265600
272959
129515
476677
888748
44376
955652
852194
862128
35422
809516
329051
655242
931590
550857
735213
86986
281391
408453
252649
372688
5082
259754
695714
723420
48783
495876
532603
81046
962122
220183
109468
683259
894480
76130
991476
851207
61517
495147
882907
480587
516079
592408
906514
824681
571319
347809
662112
678016
543779
565732
864493
267028
733910
878630
521260
797426
868161
658452
245285
850582
157340
867295
160400
708363
334009
837014
238690
697472
930091
680141
105834
618611
698991
752717
189221
158605
881638
880871
961316
871844
465470
29247
879072
825817
5145
128869
819947
335119
228625
743508
908702
160760
1120
817967
556182
832135
756636
507468
258688
6385
193133
287038
84098
616927
326433
981187
559844
631814
115843
259803
376695
634006
9072
539985
818680
779846
128448
106980
283343
761028
18427
541267
432241
962992
840122
341872
392151
632622
179497
932029
753699
102509
788807
937229
173753
687886
770854
67837
947298
300963
166377
708172
770985
67350
708572
582171
473574
345883
57920
620916
74694
45742
852415
871537
990149
973489
676052
968878
445958
749652
647574
130086
594396
758263
383612
24586
65626
22123
821513
323610
371833
488643
818786
770408
252508
683296
1029
445903
158938
273626
468539
997125
944304
426181
102193
451387
854210
163623
527024
794810
825921
693682
298374
220769
839948
82381
772823
680499
230053
654511
131335
273259
868055
950864
963237
151058
31302
432335
731270
943616
909525
419727
857360
638526
964521
397594
760094
274215
442299
983978
311952
409334
320743
894100
724423
229954
745837
213104
200359
31134
868123
651667
714924
368526
562750
864359
471532
473210
543233
968194
159245
185525
203701
868624
91164
776597
153658
770922
453694
844784
530354
761024
17861
626220
796798
131245
294168
32526
911836
920848
967512
616650
185459
796538
462097
481522
1231
117308
598327
125185
607307
685565
247540
430306
558413
200524
225540
491595
160825
64209
651520
581971
325925
268993
590264
797559
433247
310362
984352
455220
149580
11620
464599
72446
680457
392493
395545
479939
974700
600021
721888
291662
656984
694982
757060
860123
952649
779851
907819
39618
724286
480507
749162
104930
145922
242045
102792
986663
570905
142495
18367
498888
482356
618156
210349
702465
346016
559649
775805
9770
941238
326461
72416
517712
534242
87866
882534
350627
82508
33203
824514
78578
357801
396923
322095
132715
977467
567541
200859
689465
693194
800587
821441
200150
41183
167482
670386
104567
951550
636430
124220
706476
896222
31586
594777
936213
616605
51971
612944
541296
298836
709061
935202
870969
947351
714087
625305
801728
783423
339450
612258
814825
484398
80114
660820
894817
553002
547592
597476
817298
783833
452318
480904
643578
40754
526403
163999
731590
438607
81630
724827
60352
593279
247103
650294
159544
479279
871784
615742
219214
329017
975866
470183
336896
744279
182118
871833
789699
433655
658708
43661
498196
161672
555364
20861
719202
653263
228454
332314
996334
542479
974794
493277
650326
81526
199542
403261
680228
220561
72198
418400
30652
203578
257683
840453
462623
174193
868273
960781
727169
415907
742707
846246
425493
628765
345935
735351
371039
767724
987650
504845
40109
543301
867032
513996
578675
588058
438615
29394
725258
395515
486669
606189
873424
597724
900702
792956
421721
655009
276828
992134
592350
283854
912364
359151
210662
383847
622967
465813
631560
835998
733113
235792
131567
776000
715825
405310
909033
601855
179683
632541
237543
372849
971396
512615
180977
413031
854385
69132
492278
437165
247231
97393
870750
405021
445305
592918
514817
579415
359233
662621
592951
95261
163524
652123
391081
312148
969413
399046
258133
857987
656737
9030
325190
588413
773473
598714
130873
396660
969822
237028
453789
234674
236050
883710
73496
442024
169758
330889
519774
448778
337003
669391
828884
145756
430887
449434
248714
587884
617145
948584
706777
252528
167042
359251
167619
379358
36671
605538
736402
356732
663805
533512
474631
781791
844171
705386
805670
446369
585354
864217
868272
558140
205841
539906
111919
34187
269749
986693
57086
122970
531170
231131
936606
51696
39343
640003
122110
224701
452199
180010
933875
88555
316156
103309
507235
584671
41572
688208
148343
397379
986631
479897
965119
685968
4939
17379
951812
323130
639120
973098
867919
580112
454740
254224
515596
521730
488847
342653
666864
532245
139651
125741
29973
132714
307930
143542
704681
939820
201853
732899
673433
162382
969913
188349
93900
730830
672602
156164
443750
234561
868143
963347
177149
255306
692626
661633
838116
978632
944615
374297
683248
17516
497175
244147
617847
830878
868905
864609
570610
768520
30387
113109
930949
795511
689527
918678
676514
600610
215675
940876
658886
826839
393864
666972
651233
577185
106593
348574
657845
159287
999414
604954
48212
318111
977175
866439
406908
993337
870754
752428
782386
90481
567016
288685
738449
109109
878516
650512
404140
765191
327033
925675
667594
438172
807846
901376
762285
877892
797814
317196
435583
868901
817835
375672
120209
296869
544489
649075
5758
328381
324586
630209
366461
609832
396173
563439
695467
380420
388558
548500
448694
596486
237544
545687
373252
444419
227269
14667
73195
587062
603449
168444
668213
642576
619490
759345
463494
500445
379786
542364
863334
951479
519082
847168
479182
914237
25642
813767
341248
108918
380196
148992
398823
526624
580172
246069
533603
476695
607905
394365
764884
549414
812986
746876
718123
715491
955524
521234
18232
822394
195778
430862
7562
896715
647475
71280
898031
954660
243482
654693
927035
380074
60267
197154
934436
479183
351623
194558
101420
166331
485872
617352
256776
523085
284873
670096
307290
929606
803026
532260
539161
580932
311308
89626
610334
717636
716151
399905
272624
976726
413549
823174
121886
522481
181149
123222
681118
859416
181438
799781
525163
184585
709046
295278
106877
793408
567312
185228
256563
917753
962927
424527
483546
87039
805993
815749
550227
373510
43412
526499
633152
112304
951404
2584
601612
637985
819189
515175
884207
593539
228079
793744
212045
646606
610981
174773
411028
360772
839862
905892
900024
769945
353421
556637
236870
255645
780526
302060
274806
731958
822615
851175
423738
671425
667550
809530
95535
766656
623859
149704
451768
423945
586609
152983
168014
235235
736874
869260
862797
472892
216740
535358
95714
178446
23638
312272
641972
230246
607094
206186
546697
637961
231947
256884
390906
632016
594476
58454
496767
141774
987786
274540
136439
597047
695145
675841
404319
442717
428200
445791
717598
724517
692436
15821
991256
341090
128394
818707
104109
603220
724339
337227
578387
905525
274160
772623
79419
264895
85658
645290
894191
595751
191867
401188
323371
366956
226656
343560
354996
617156
69423
442410
519060
831863
67612
669603
800357
69931
233712
640168
540012
271147
880079
592812
650878
680132
532958
230829
324334
456859
333002
190325
669487
52338
994140
378476
661839
362944
557783
995481
730651
446352
465206
333569
60142
580475
562297
88767
957626
961666
175303
634960
690005
754838
200933
170478
535828
409478
96676
422689
450371
821807
756164
1236
347571
300853
664912
981237
795450
474887
927178
382526
234642
119829
399316
974165
152416
20026
992484
737180
927001
768600
539957
243656
842034
671559
520958
92929
623586
257047
89124
787902
755271
864687
127713
608487
826068
506838
782028
159304
708745
63109
36160
117649
303128
227357
263112
341674
360136
380909
87642
346322
936958
239055
553802
509724
305524
825286
396981
279703
447202
942387
600594
873337
515679
161764
919392
786276
496963
574587
992159
566575
851425
391043
208510
501153
930596
397179
116366
539733
817450
627950
380623
674304
877975
532481
868057
721422
805926
141278
790031
211982
304679
818735
80919
322528
402980
22893
173524
153791
694951
223614
346100
957323
975611
573042
640972
932731
822481
575163
132524
479354
862015
313727
922758
606371
487062
139198
606253
898262
764810
829333
174838
317531
502566
952798
398663
825201
146374
666307
367534
121762
68172
478234
25811
506108
135166
232551
963116
79965
549530
776724
965823
122035
432498
594291
311816
936450
506142
876106
439512
277752
105664
851449
640826
332
216038
17687
619588
602553
650201
364798
152025
386461
61349
564441
780762
191782
459800
211755
58163
484602
994867
754254
57780
619498
695035
297355
983679
430337
239180
170664
142249
74629
121385
782696
303275
265387
101045
177766
692162
691618
62291
618052
509422
633190
996697
228894
813971
232645
615220
220802
306253
173752
623896
655724
527041
848016
426083
724318
130710
792094
886605
404798
449785
654076
194622
354236
367759
525505
414130
481635
827538
176887
733615
387079
769305
963823
11031
248580
416154
133803
481344
418581
19192
790338
259813
582148
760290
680975
137109
189695
535310
618948
215202
323500
12120
834304
241201
629299
975874
198856
801537
64616
959577
42633
487854
371408
109736
265851
547960
646090
454377
499334
844357
266019
98082
149237
488241
127199
150048
864661
324676
243478
737357
651711
476018
810686
375888
614081
394476
859566
459447
392394
785017
956223
892085
133145
955335
102149
786904
658692
315407
942832
688135
808884
437603
76416
254670
279367
840872
930319
38426
253058
901762
781171
461477
825133
637202
495452
659354
386349
895118
450124
636670
226964
613934
889391
66652
450620
518408
882460
150169
105693
737434
988276
512222
443273
680228
47830
41672
38021
84792
746208
716324
659036
72084
802131
71256
105367
12108
35570
956502
508579
737509
387595
353251
461947
296535
991589
349703
970750
774654
942316
661371
783843
185195
354841
174109
412131
98395
549616
660303
830535
764373
68712
265046
424297
20944
82617
82171
514658
967861
898901
295445
782485
769223
227842
624664
975991
381940
667351
205687
10427
121386
255413
615013
260713
774634
69254
643904
959827
530302
478255
41951
895815
968489
322215
798714
125233
292822
474336
979971
113956
601882
486015
582423
920298
748073
520768
811770
616500
656479
156638
128095
43735
338267
110808
928084
598532
224615
95011
372167
375993
432077
550092
439405
388653
612940
163683
943076
273791
240692
928318
121501
675982
197470
496048
886925
12714
645811
992416
285907
671455
815947
316922
861370
879269
846515
258431
918927
544017
252241
636071
755042
221063
460539
978398
841999
748192
728491
557813
776448
180594
656162
53858
177428
320060
545027
753188
984670
269331
937389
539556
43173
727947
164814
107943
131728
685298
725980
91870
817786
965130
213511
488394
505853
150676
840703
342383
732802
413416
542237
758185
590348
743424
508361
611941
297548
105930
565022
151569
688885
93757
873323
577173
636291
877139
761122
433800
160071
160848
461557
558042
9331
811753
246679
741712
726462
881451
991810
277902
99178
193954
401494
879817
800071
657560
204035
310929
555085
742348
733072
815119
615986
614978
188024
687884
355384
375260
783792
538696
554227
524159
5229
848048
760991
839964
35311
832681
745734
11031
202480
749546
958074
758677
367941
678379
326931
756265
148888
841971
305604
470319
876651
502050
996335
124714
368309
385376
448611
643365
722071
780400
886196
217209
593044
137823
391526
663042
412622
1879
695618
178372
3218
29071
619589
166885
355493
181319
794198
387673
92990
402327
588202
874263
480973
510110
642326
723405
64853
104137
579984
225438
561485
702944
560660
52804
603488
486598
676468
599369
804989
602146
269820
22932
825050
322108
498256
636491
77058
148999
58550
695416
334238
745925
784897
981970
707681
209842
788615
825131
517269
520297
440199
373462
147452
122376
328193
735506
434019
235857
88600
371422
220612
62542
598225
801367
735663
766589
998348
733616
933114
299443
642565
173480
421248
637553
636177
496166
785652
178252
118336
685911
409905
991127
839803
747220
383833
739987
571872
950313
587769
202936
184476
565550
362235
979647
334511
165294
26196
700252
24191
585810
831697
586479
273071
697671
518079
929617
298725
782582
940680
56136
259297
852728
429657
225541
872731
376914
841934
461733
186101
480906
802644
435180
458187
937354
482969
706019
133480
631171
80601
49842
727940
903914
496461
909391
436851
780213
729508
7029
765513
57280
158908
225223
610225
131349
135354
398836
751375
922623
656955
472060
956615
13402
68958
282745
57054
44594
282187
36287
261705
275720
246979
275612
906255
787127
249546
974835
271949
371207
759399
428887
449740
844790
776711
268139
65366
156381
487571
853090
33613
46500
62653
619700
906438
561993
139245
345920
532421
315189
411096
771858
347343
86424
899834
236784
21823
732449
663790
548321
963395
127988
560168
882136
936823
393448
52257
827869
418793
787713
260158
624426
730821
494481
981298
979551
256530
144965
654175
725156
198097
191190
565330
338263
463932
308699
972006
947036
608527
967357
349506
183015
114095
22035
151246
720008
225317
417990
250966
88840
850616
683754
561223
545106
523391
980517
114768
227409
860140
403978
722815
542546
67668
791700
707835
548839
543538
612900
81725
226147
458301
846919
484696
428630
165774
140959
945699
664188
849976
216090
669023
97562
462296
861987
411765
460162
650974
749284
545432
290587
62273
786970
512503
111936
806404
355973
459240
978062
51956
793990
786278
497256
201363
339777
258621
872136
164706
544848
330215
758425
756752
754108
519386
17945
204881
126253
877830
659630
879582
161619
870579
255493
238796
946638
451239
560182
984990
750730
772013
557981
27167
552514
65204
94152
463931
343663
909221
282431
538702
390728
497813
798344
105473
371933
656780
451697
822103
397381
380420
93408
775612
441072
964477
195609
203766
186723
523330
94036
287138
356671
792855
757482
577593
276441
634583
312349
797914
642675
395970
195841
915090
896958
533029
520191
157954
447603
695899
557820
793262
166034
316761
613473
857180
363101
906144
897187
276904
168854
983522
507051
140711
598113
202015
33383
184225
363693
893990
732635
654293
820378
152104
313162
440323
798594
615298
967756
83464
856874
882417
117644
803604
739731
505207
319667
967127
988416
417761
485359
984111
122434
667920
725186
634671
323011
165955
997079
881928
979783
427490
656134
162233
129826
12607
686861
559756
93030
527400
29364
719354
822959
890258
209753
79406
379027
731497
973458
187412
336840
858177
296490
819064
918208
540794
110748
710243
759583
314350
988066
471168
901296
821637
651668
459265
314061
357798
254322
494212
819255
828250
879822
335208
525435
173761
244340
712014
112943
825979
87179
100637
719078
239874
420119
141972
905360
347941
739672
450351
191260
748827
613778
651148
435505
620929
577250
352375
738069
841448
806196
471287
843738
979105
253975
634142
31115
126264
739295
676178
106343
325104
314919
686327
3817
69641
681670
174881
167132
855738
655283
227179
991743
837041
72670
279276
77078
642882
340380
694151
866387
512655
215530
305310
360378
212644
68505
33189
763156
303946
408306
653163
759249
938305
903608
871205
232763
766065
807396
788448
59093
664985
898848
260287
650769
907195
874227
670732
188
560441
169081
110989
389759
447055
379503
460358
226730
864564
381612
546648
128848
380400
412761
976801
802355
110720
479070
422548
18000
42024
421444
739904
27175
918077
966244
280037
127454
858342
707689
292218
972777
910771
826039
753962
699316
804907
839461
18006
981799
962811
621345
726671
559185
304751
628238
829395
532676
281521
635089
872754
449842
112580
218443
703686
120247
540699
68341
96534
263316
241894
46123
12404
567171
468768
283828
301265
824535
598358
74240
297238
226351
299919
730246
743193
598808
48142
64491
902895
877240
852264
877262
667805
330408
593222
340406
892303
989029
185330
626176
78969
531317
239510
838153
794579
285290
34670
429183
582807
267776
995438
789161
855696
573349
521446
658825
63640
252307
831374
220225
598979
488375
114933
737566
93857
525240
909627
32645
669200
868552
829287
64686
878979
955825
571772
25141
517446
694451
430427
82207
316946
910677
434596
464433
773880
137523
601924
340816
892524
164824
443380
170582
607090
948109
631308
445246
591697
788803
702634
639606
237433
676427
512364
131693
104224
234184
384511
786751
487667
970767
652224
262675
950532
271569
600651
472897
743594
983841
506266
268959
634104
406972
70932
891480
254391
2921
361853
39766
472493
604072
45648
907381
140024
238856
276814
469642
971533
450465
331347
472971
482041
622520
196097
469744
610780
447468
280683
474288
206992
590868
516573
537008
5505
854136
7664
49496
219069
833317
36721
843925
108025
284908
338860
462852
802586
438538
572049
218510
512668
396797
293489
44387
931754
277822
397015
816682
87092
284562
617067
818207
113838
531599
345223
879863
507412
574780
874223
29668
493547
675420
702259
44853
992817
450597
131489
929427
274731
165204
394576
389872
421828
729861
411021
882259
907611
670943
714033
258173
607905
674608
309373
296727
823791
718429
955061
954034
821199
721394
1565
862881
636402
2103
51135
717572
257607
829588
59524
40558
603796
871598
686590
256694
114487
665292
383839
800355
456236
662665
369053
92284
121025
596322
418948
549584
751178
900322
71007
404240
80180
321081
354771
749851
941726
412675
668573
646096
678670
646450
361920
888039
593661
598693
10131
502154
636096
138871
913287
115737
612574
154321
873699
171848
723973
637877
120558
740981
902454
529992
66443
829018
533968
991264
142137
820013
11706
694883
422034
532493
295040
448853
486000
84392
577200
399369
43739
910135
123003
808023
558642
216051
343167
466608
729174
816724
652292
67384
845605
387392
692493
851842
429931
403898
672967
77614
275381
542534
306313
861743
788985
590286
446419
226279
798381
384240
822423
450123
857563
579266
916636
759351
430985
98873
318867
889652
582199
12309
371172
370052
601074
27420
705586
392974
688405
525813
374553
511681
166860
165628
430529
645741
142594
44778
890097
761907
345877
946645
154459
339769
25447
517239
645823
378910
636902
6710
340604
385874
71711
791721
409629
595989
311217
101260
677121
847140
605779
531085
364594
841724
217892
580222
988036
559689
454002
105259
688274
167359
140553
972026
485590
228486
27536
977453
505455
531913
964018
135789
384207
99302
38996
208864
30955
925638
387987
414150
160025
395434
23352
313206
756214
147062
458523
487851
289245
130047
900084
835481
116139
370397
955919
374803
313967
474006
888404
444128
602943
994858
826708
545381
984014
88201
288405
606877
961136
151584
389482
30937
385512
970743
340387
773539
541408
980109
154145
477878
553712
532258
541705
168337
761902
246907
833650
838550
440441
356186
302333
826815
259335
709014
194624
177171
57647
507446
342448
677388
270247
235037
966418
830689
557709
544828
347277
165242
580468
582985
139196
999714
444044
150521
626234
816757
488898
207309
401779
782389
993849
734578
880315
300489
623406
325823
569377
792522
620661
461445
201312
730818
395138
147984
39459
852558
475546
710885
543025
906943
227749
132372
964029
593015
909455
599121
722143
353461
533387
458466
869970
37981
130652
745860
790510
549323
124820
57741
794211
680756
275767
466782
877091
34461
944043
969608
148796
949113
462676
512902
980988
93672
483407
754621
863548
491931
588732
302447
375330
491418
285783
522444
203223
562712
761798
441224
386540
605755
511275
918735
492325
362268
577279
725717
865578
894453
980740
455979
407584
443456
827519
602117
764528
591407
573529
806590
956048
476483
200474
996123
109264
59471
853962
3167
439150
640198
846969
298435
893091
240382
62457
311899
883465
256047
448319
30790
510432
971534
626593
220745
926383
734030
19116
762597
476843
929258
687722
30549
722707
872049
692533
527226
134435
632544
299395
644470
358715
819798
804438
333407
278760
733051
210705
528578
957448
793394
8863
990547
997821
200651
676821
994649
828470
89812
294619
2317
14315
44161
737870
341782
834145
632906
740476
69029
142850
5665
753428
937091
768923
821927
658541
809183
766116
884425
845922
700034
613604
104404
88604
399100
487628
723150
77649
280334
407543
687407
407106
24498
66009
306137
348820
549130
110998
632090
808236
577041
947688
697756
72316
6088
955116
100941
522577
868945
299565
681749
76862
112931
500624
842075
794516
242231
707087
478260
50226
145196
72901
710110
402873
666855
295290
211112
232384
863401
281004
401306
803483
292515
929228
152329
405103
266168
906111
22026
321496
583258
476437
842231
226029
548980
640476
219274
978982
33669
603493
214628
357814
416121
647818
759612
122920
187843
888659
719792
503084
866934
449350
453947
585865
821432
624784
554657
71775
637091
682617
526278
241931
463173
713953
234653
822535
303194
803959
289970
552501
563289
520170
119953
142876
916792
775346
720655
271409
401446
496695
158624
284274
881993
133828
823778
629558
721722
54332
271547
748645
402447
317587
102748
134
189039
511129
783017
46851
715039
276169
593486
706977
895727
62689
583267
839339
466968
3819
340371
246824
940449
740904
82715
316270
930888
101892
826715
360234
129930
270393
564984
842712
866548
313348
571809
788933
907200
891873
942984
433817
422384
909944
377314
377318
936322
964079
675140
89289
116022
687019
42291
493814
564629
387649
930171
632712
844249
703857
675848
4363
139115
166953
254231
713046
875512
666386
182807
966048
278439
761038
129600
950773
676108
702541
943983
298052
268968
105365
475407
781824
634340
644149
999467
48186
104808
360050
498571
956800
385120
500401
865821
432729
475968
457700
110977
208882
634424
368707
770781
369813
2881
52355
858957
767568
186023
416504
552069
822180
415797
850348
719654
211994
371161
657354
869764
472282
730497
880157
647713
215740
796241
677813
754023
607752
35938
295301
394734
136601
930808
651640
125724
738598
737097
315627
974592
644833
52198
395131
682194
713207
468154
199215
579175
890215
85341
287409
43006
367786
666867
58092
823310
111512
782016
515862
543806
267592
99866
835481
688045
14693
241889
379094
911069
337345
838266
19327
709383
124368
948846
413643
31421
492865
736201
404290
330243
530938
906066
595132
266675
9923
724857
464095
877647
963500
41656
519032
397647
677542
762309
311864
454919
773992
267252
772922
219805
521296
131518
976014
857130
125550
575355
16947
76385
770158
382580
807156
367734
120207
181739
265583
435508
17552
332099
293308
341804
773142
739027
517961
223263
348095
641860
371739
570650
1353
568093
299800
663008
646459
548382
974195
879255
847061
675580
23594
546963
898561
829763
783199
606147
780376
291144
457996
207095
398005
152327
302916
899456
65694
710136
228235
937379
246603
603292
484077
473401
747445
59716
473810
671642
57844
582209
957790
990209
942725
239159
785190
530737
991328
650957
544482
644591
962769
561294
75605
776928
365681
204981
225381
725627
195833
619735
140803
896076
622414
847195
781322
315147
578298
276237
146962
981654
811124
527265
635955
906421
388166
163881
674130
642819
259905
809860
345192
947396
917486
337340
290504
724981
469988
538813
890142
60628
707722
690000
62203
690097
147303
930607
7841
497312
630922
230251
447673
44563
134274
415642
957935
301916
529660
761089
241893
354268
500604
949072
679621
962311
76239
620909
274704
928661
806966
760855
459665
546860
546577
180308
432816
458598
43899
560875
165749
863962
445542
481333
209185
897675
49979
674349
843650
136999
981193
994982
793143
527233
853785
391858
241977
659114
960627
108893
196925
636539
951430
498236
994820
406674
711723
953020
981144
522540
569540
219117
259542
458963
436996
919388
593561
176095
73081
213957
622343
13029
981178
14190
190107
829392
792595
732123
907899
355041
943702
698311
960136
395206
521460
952897
977308
967053
757310
392794
161671
854222
476900
773089
718331
310000
247340
232040
640615
458235
666601
781349
162699
960168
565085
763579
771627
855207
498896
603064
12103
835408
9038
784421
357029
376985
926194
551990
228677
804753
634364
46056
222076
808080
321670
177888
848042
514684
728862
808276
95399
253821
428702
245807
29169
402764
480890
894643
662434
442
118502
901383
288885
153807
397837
990087
919531
954847
993256
494675
44911
512720
761008
481549
371724
635444
392458
90721
754265
32617
918427
57702
950929
444365
577123
275548
357121
622040
787549
992443
251001
386323
564074
573841
358578
415604
656631
847272
240399
902237
191593
877356
918240
974373
101803
27519
505958
839817
220853
751772
38930
228694
36018
956321
175221
148178
866771
679550
282479
224890
950460
431381
581622
719160
436614
563325
580089
427502
516698
326338
758777
839660
282496
143814
353050
430103
894095
903758
946457
845850
892559
400942
419448
763109
780366
823161
476336
888888
497540
544506
204680
204461
591130
255309
186136
295694
331565
593803
855031
32809
207076
636043
71158
364354
69007
295242
940785
879497
506920
460002
409412
95053
810879
826747
835826
47641
332191
726749
693618
773906
771123
352602
654651
824788
151595
515659
875883
463294
539095
45403
282472
290029
425228
931010
37571
391824
127866
546701
765547
532022
11
590431
416566
61331
522510
362176
54634
723128
973079
200560
226125
203578
304199
10090
303942
437482
230416
882735
1473
51900
729345
191118
966846
310084
224293
731725
663047
640636
741897
415944
848426
759069
422629
609631
302931
896041
325295
818027
712622
252813
816780
271438
181614
125356
370941
336965
901941
999544
806694
405751
984859
220488
754249
762483
393195
542471
590638
149601
661014
380690
78455
414470
544497
753830
709321
20671
167321
269019
780632
517596
583773
268847
952222
628434
42422
481867
265326
361710
601554
949209
296560
632160
714424
129941
759006
560092
102516
780732
513854
708490
508891
172089
369281
972420
932925
448814
827507
159025
697210
180195
714327
98235
461716
803518
920995
122030
694596
125125
728981
850472
861691
344604
274071
30857
807071
51895
195240
142170
345342
213393
335610
665146
978526
157326
856538
118874
701170
764719
727057
671055
562073
435324
947091
549310
496259
311984
380518
482500
163035
506673
786206
387237
734444
906573
384355
16061
25193
782172
838998
124382
11417
797548
703700
615912
970258
843278
437661
97514
234973
558981
704871
501088
817128
706193
546430
534291
967036
540735
51668
429596
504796
308834
718454
482264
862641
118492
179255
961514
800004
714411
552707
952468
396554
226727
131715
879341
865296
808790
157273
677153
309788
625029
290045
316549
871414
816411
672703
501515
796682
70891
250468
312863
624874
935298
571746
850681
832831
981906
906087
627994
12156
247510
674020
162815
51835
186914
548859
19795
287633
390682
306776
191427
352958
411655
621293
934995
334050
430540
732699
877985
404527
605505
68353
247131
783760
355855
285758
83919
432767
333462
685444
677541
332456
72111
56585
205401
373921
381441
944449
982050
641735
784862
671479
733487
632282
116191
198992
780996
418334
785269
750940
601103
101372
990362
277853
325254
276319
941273
432019
914732
980369
11480
67502
450116
518701
977105
179364
103121
970677
547785
113303
978958
403601
555495
737885
189815
704555
582183
422729
204440
346524
519704
397612
74042
264276
605483
205333
516790
483040
740162
268534
630701
287461
549606
656756
689779
968538
143942
603637
595360
76979
172110
75583
925523
951424
68334
297291
430375
92067
695798
599045
458022
623649
92095
648505
553379
267402
641632
15110
703793
965016
373260
250893
563660
676026
450686
706630
672056
610008
583557
312907
525756
271096
249524
597668
2018
866096
174081
946734
117066
105905
449085
154828
612258
944737
213085
736535
939058
882994
6682
202632
772301
587586
625205
701140
373555
680112
50488
408152
627487
15394
385613
582926
936268
253101
541990
450254
939652
957581
220483
399035
725726
839802
617249
188540
739408
672461
214668
977007
664995
101893
498040
8319
742825
433583
327044
92625
890057
748385
84301
914549
807190
434021
861320
258711
817253
434403
512726
723448
438385
9054
996263
589454
229172
613292
546876
637688
670676
242022
700868
714053
204024
91391
653994
199270
818370
877470
50018
738723
911522
13745
29504
248376
355971
214406
15813
270806
77145
247560
911169
62526
354861
458940
424771
732734
215344
606732
597096
672872
594803
81149
372200
951491
333035
838492
884965
805091
383284
822984
493501
932711
283305
544254
786770
200282
397448
616784
513611
742882
253357
737918
987660
521449
291496
68458
770743
371113
427496
920767
206217
584449
799719
538332
333607
268853
865194
368449
915258
895346
859824
666463
35007
787387
787374
454345
411339
630247
873723
248383
637954
705461
833643
427601
499432
442545
535026
649322
144387
936281
783988
64006
419390
824744
500080
292383
785098
443919
598846
21913
201098
301046
590233
502631
407633
56176
469526
491096
28311
927111
210029
105393
281038
764441
712960
409671
11492
655174
408777
260236
924027
159492
111880
160462
516424
70492
786523
185646
942532
664220
746777
881691
720566
814126
826488
685134
446201
110431
805845
289187
7964
309807
924561
249957
443306
515006
553380
535554
254882
356886
742531
353789
76635
828556
872636
789293
828117
307796
216060
913789
809325
952815
786358
326742
632217
354425
373520
505634
271499
941121
231783
876320
318609
102568
903559
392731
77640
553371
828872
503132
348890
193863
521599
858817
794486
676941
884377
837909
344781
858765
461843
748356
414516
439211
13251
610547
295943
160365
459189
673646
411094
179253
721929
693950
384804
229598
489376
117551
429609
165284
740626
1992
862973
718740
531889
732401
789432
514933
296786
161362
541370
83554
345230
19128
414201
165748
732414
890856
881663
241537
121495
354271
634639
105345
582144
222361
118415
519225
211894
607753
311002
245352
166931
57732
243729
391033
267601
234203
335674
219554
749391
959863
571912
616301
986247
556879
414736
415775
753865
428944
871469
540905
678979
696430
411865
702146
753595
171694
203667
500113
327552
411958
546685
870527
575409
631419
22141
532504
945115
115394
696627
605638
495704
117204
933128
337206
439096
142842
980436
692074
512285
206252
114285
391859
764801
895675
678898
204316
772987
507805
951442
419272
776490
18124
611337
792758
857309
69045
673247
474255
408119
560678
885620
628427
221900
688632
714641
253272
881564
9978
731317
723444
697276
535657
752639
836118
465055
821389
874171
843327
203436
485095
127386
333628
285509
791558
531577
451294
510562
183442
820599
854974
404569
882560
484344
466310
13367
75699
409739
387826
647774
803538
15508
901774
280882
203472
207956
66973
41985
877351
479260
389405
181723
541761
743082
968066
847928
66564
545585
648318
981708
74105
450479
375469
513368
803815
989218
433472
231548
997183
942546
559059
42837
321162
446387
220111
70003
350520
729235
372533
608409
68713
706634
369574
374480
464238
369482
722738
45319
656730
349945
708766
929289
8363
379226
217667
831368
661684
842326
483989
373241
5313
631989
804495
95371
772810
103678
548419
48657
66463
581015
766515
426071
583714
548032
781960
521073
751747
350203
803002
677474
518008
758502
140324
14628
671158
207242
620474
713236
742253
386620
169881
662484
194975
346963
890410
390755
749978
158679
908229
258231
758716
605412
597155
433163
654133
774303
889128
852585
578807
541646
632391
758268
156476
306904
473921
414971
716397
712778
270942
386212
202254
588505
313827
185372
241500
599771
214912
861514
424851
868640
907839
724345
507060
745754
187920
557928
76971
584668
696156
133650
382799
443859
821831
450776
659511
958498
796242
431087
271946
549343
692359
533251
264062
636762
939069
748233
636374
225042
324512
528724
269512
825918
190926
463115
694641
278457
218715
654709
595303
823768
264635
63140
661969
776791
814940
821648
778026
461523
760852
983306
187722
786709
88385
773663
698949
747839
368347
150608
432346
217231
31149
463990
259576
264004
33676
415241
879186
888465
243396
824327
557337
630040
38979
858121
666848
783773
323027
428985
897920
201065
888119
514201
325290
736229
900961
436420
996158
666772
825416
94327
844872
748005
249008
812714
576702
706838
67255
967264
94918
826652
998893
903094
326639
933572
748184
801348
806665
674259
858024
5718
997629
465826
241496
571162
40350
304030
411191
318104
130080
961160
22425
891711
360427
849179
783739
406012
566181
13698
312778
80222
654342
312196
232018
15742
14381
17149
764354
916604
623743
706159
762303
308956
38938
132644
837120
511636
619526
5346
563395
938414
624614
414815
864434
402335
586937
390593
580950
69328
990680
638322
756730
733004
442294
676126
707397
138435
389230
578840
228875
569485
596852
868411
928183
379128
929140
371486
341905
618527
527677
633073
211636
469285
995632
443059
981118
494148
649509
861046
804414
461167
715100
939932
593158
504004
53348
949201
454764
832832
674786
362431
677532
863642
373122
110063
941692
925048
167357
631644
500359
54390
690884
644257
697136
974248
648639
69800
275288
554688
156206
747795
635940
810259
599302
413827
179356
204166
705139
42342
455172
579726
667761
452911
837367
948745
169728
60604
19144
685396
779103
24966
609698
171434
699640
453579
838155
454872
802811
685701
960921
910213
535935
639032
488496
953536
401887
881616
153691
584500
572607
833792
277012
642578
921308
78557
583191
740565
592840
94908
354925
594083
51989
702640
31743
66527
423335
230794
84565
915673
606847
616315
880973
246286
882915
690680
659046
596777
211232
501576
862997
976187
886094
683454
196653
375441
737426
800074
286519
884584
802641
125220
997238
200553
30026
216227
897366
691212
622631
603040
973383
618992
465009
940774
847388
775912
62394
127937
335279
347507
67016
435394
975344
395961
816974
669309
852548
891893
937966
306051
85103
551877
385597
789410
71034
416218
210793
168118
229366
474951
469107
55222
268562
942384
100978
74821
167491
438457
147275
529881
973077
985304
759293
166021
967762
114431
439740
8706
278368
155571
798293
207273
326254
630581
299383
219707
232506
20520
129679
826619
256463
365596
355320
353697
673994
302479
62564
975374
210507
170115
809024
898238
146922
776804
342645
76480
864659
986730
154925
271366
82736
98583
484538
829315
302419
706676
563408
617219
803805
155981
137148
478496
580699
780556
505509
303624
144078
311690
623999
3140
273640
174243
487834
875406
82272
441746
459584
984235
306463
395708
822382
715187
56978
281919
418607
363810
458431
190726
725006
347062
574288
547238
667213
991773
777050
664202
862203
199246
313875
44961
538023
126356
840108
562555
989452
765161
889520
940420
371467
15823
195166
522760
489393
470867
741642
656055
492569
559579
483181
687039
838231
658083
361404
117011
859795
799718
406805
123232
328233
698531
453990
416145
762447
513851
126002
903298
196419
889884
951445
817857
175491
510148
567727
736240
579315
512897
489624
869606
644745
402776
229826
970236
552662
932323
372173
741603
661667
279416
141223
131653
570877
854704
185270
165302
278643
854261
218710
490765
182837
406557
825711
903191
285707
603851
927124
576614
969927
558766
571261
371169
143001
785643
374548
252798
797733
938895
367391
893986
87017
337480
556785
729464
845121
573223
795927
337649
175123
988522
672765
25237
220504
252646
218207
520074
874072
521953
249669
588933
263247
751676
653
623478
870669
600282
792595
53514
627329
376530
750266
232055
152048
265370
458324
554338
351219
199505
93776
293949
486130
237084
920740
948503
40059
944666
291461
609942
207541
924523
238146
785813
908435
589948
468069
6435
466299
772517
760576
702489
154492
615254
487265
760425
429985
512922
596911
704083
999558
935173
769449
375805
397866
708122
827553
475688
170708
674400
30463
762894
204448
45452
340411
646601
510581
226741
615129
670033
910606
468330
509854
773553
501276
123400
50243
626322
34911
278471
551160
852982
438179
928384
839181
996399
160679
796008
24971
753734
449039
215500
237478
336007
49614
465683
724599
773381
111593
914966
608320
189139
281050
922368
173496
695625
379751
610771
801446
199841
392093
55525
750770
568465
125486
651516
772772
210781
236933
556456
677393
856494
565782
835066
929145
927356
387322
365886
66165
318049
19155
749426
826859
431112
524736
87548
775244
282801
234425
418582
345084
292516
30103
332205
961493
293776
667868
41499
933206
637095
265496
597293
611464
653384
678500
192310
317550
295654
848110
619616
947162
599628
884856
506330
739067
350413
277464
912931
281616
339770
963361
455619
10284
678114
716050
543021
706246
346886
622690
435645
990109
794481
311879
278129
339972
142255
78939
313163
442798
849535
261048
88989
343387
991697
834572
541003
935485
984846
185733
938997
372509
452814
928631
198491
61808
164884
92360
239989
162791
710133
595213
272950
150472
341425
968077
448779
446714
913233
501518
189393
246658
5026
470960
60096
661914
904767
751177
647517
753868
273040
577891
177192
904360
294267
817408
114797
757048
941533
55605
784206
6877
462391
212447
864963
663524
249458
411197
717121
402406
856133
884587
356769
895563
757465
909176
295072
313878
298857
691056
107057
271633
440058
190610
729712
184632
940221
342107
603797
429958
863136
830949
822495
119891
173343
734926
485817
531455
116923
287945
682153
492820
949900
299942
137089
596082
733883
433844
632238
164405
583605
116583
390120
546696
355131
902413
45249
343958
217908
733000
15176
658662
581417
931555
105853
820981
873020
566605
523143
657031
699690
898387
410857
399519
560580
326795
942660
10811
82734
826551
253938
800981
779989
104454
98737
576857
75661
463982
361541
118709
92168
980569
585079
214696
226275
67234
895698
594847
783500
738867
699705
32443
616944
658718
863466
532292
223062
103265
873109
172524
789493
567974
748161
296357
561256
938316
246244
818741
423548
983568
793571
259671
31778
969724
782051
431234
240070
347519
144309
50349
115701
52765
27250
692011
523587
457929
218260
226521
989432
613970
574437
252858
137885
577632
688763
359209
897744
823553
745180
820696
76439
477350
895885
350819
793930
362560
158304
805715
51785
328179
557311
209059
156035
84688
834591
466693
358335
482132
912893
840909
565688
221238
182672
380991
139599
808406
576473
823624
761884
384611
781506
459124
275757
303286
204246
932555
16756
118643
679199
933750
76568
683867
420761
531572
601682
32659
937109
475596
311802
407748
249772
161218
654160
656410
619239
971151
332110
562189
928102
714753
844863
68450
223982
417667
239142
116358
512300
612796
773572
938483
44040
661778
693335
76803
648236
354666
231480
550663
681353
403208
940184
833644
46785
814671
319652
611831
438177
373458
899261
255336
962262
105874
444115
354898
750029
413172
531661
675823
537783
658160
278099
70108
216956
395259
288005
181779
556328
156812
29155
827302
907249
41915
156283
419183
220088
168203
518276
879331
710115
557041
95729
231380
317695
502427
968675
731487
262343
958118
313050
220446
836499
886182
50214
934305
464613
916421
379617
635414
316587
629821
285699
403211
91374
752398
314826
531294
43052
677438
780964
428458
398228
731497
443904
824472
893595
146436
658055
832930
8059
540297
943175
844666
237144
431302
107614
379040
768128
915061
500477
251169
433770
844213
249503
484021
547472
514095
274384
308468
901583
573042
215204
325211
884356
39269
559405
271998
828488
6379
712846
978355
696695
965748
324346
395155
233897
728371
210886
345806
857192
671093
820427
805430
440573
946757
132404
400212
382252
783298
619344
265928
454403
990333
780190
25769
997623
603529
191132
659506
459651
688046
430984
120387
304492
938530
198095
181183
65692
622754
887120
222676
419849
307216
496896
546459
916942
417193
776291
160225
130501
170936
565420
418145
442252
757283
797211
897965
724233
84127
690406
393104
340545
100245
804964
16592
52391
661719
159625
602450
335623
163019
76807
233813
234994
23707
830151
834948
948252
974691
304602
135459
264516
231475
279892
868410
277719
926464
35930
419627
926917
50622
213698
39391
420004
573950
9686
392895
857955
28652
731158
583252
946756
11302
781616
787372
313706
306433
247873
40258
697717
588352
364113
397684
566215
973801
6257
544199
61885
275239
535368
709439
566072
271492
751453
904244
131965
374722
513183
549869
194447
50573
93196
426121
410496
832364
163336
805649
221782
224318
317554
226079
259388
817306
87591
930399
89916
95361
193249
450059
50559
337454
626457
870689
287327
83525
279746
211126
331998
752469
662796
51293
870634
492535
759087
442107
727529
334401
484391
394572
693806
529941
552762
161367
216250
571996
208588
805433
296392
760161
910803
153900
547415
149249
733906
268174
346559
361075
407716
408455
125565
679697
171295
56680
827357
34672
584839
391910
337532
697164
802852
193435
246520
641505
976033
259828
344817
886086
337311
895690
311912
297287
122111
229993
111137
411304
648105
240531
875118
672384
790521
826065
141107
673092
545582
824351
105591
396992
45294
156317
656386
737951
535152
360474
82023
671271
34939
270644
989757
81229
30021
992582
444528
156201
504619
988421
117280
977280
169061
793818
351805
659423
761676
577807
507082
866102
637902
289439
985175
467681
768006
619390
434361
411190
446442
427486
618772
330284
665365
564232
500711
850575
644861
201528
23532
934433
429623
689088
278938
823274
129174
556191
99546
779517
603192
16200
523601
818381
253584
40138
470950
889914
492232
991963
195009
294067
652093
210318
780920
765364
791464
253026
602470
865563
511639
102842
61007
125955
287831
979152
93271
673839
963824
846888
135080
324329
151775
676484
889577
594242
943929
603150
765829
682533
5404
575359
1346
429062
378101
275922
143395
768582
18386
226272
464067
692354
943062
233333
323819
625330
661141
747079
652236
218714
251080
59943
650425
130973
212334
605997
122007
849447
701383
44996
113440
734151
996910
341318
183452
478528
594142
928860
411374
331971
126386
465337
27843
13682
622732
81598
806758
258591
842016
27852
482713
631375
777456
426398
672847
548145
724255
174647
492599
295932
633412
663825
805526
965303
397884
50416
805979
890385
592017
576881
165901
563920
24684
500279
362753
69394
546696
89876
839821
600912
127485
340958
800207
917268
863009
406590
150687
143281
851595
714719
991454
293353
726839
525470
784770
697833
994416
900265
605481
792191
307886
676361
837531
679633
614486
945925
581196
295824
253635
1112
756335
271954
81667
217891
924287
661835
325823
633712
127774
593461
442366
16243
42469
728778
684626
323530
902706
665056
837263
556578
127369
342731
126271
134576
813435
94418
924255
831519
460670
918398
498971
649788
318262
103434
894266
402027
644903
728939
288251
779821
298783
118218
891200
30
13634
712137
322726
356596
554357
254481
148217
12897
92098
540299
815277
851151
894405
957632
823607
565745
898788
514461
553112
85056
812258
548873
384043
379979
666268
607135
988836
388726
225727
240299
389900
94965
480047
314918
138015
96644
81038
176897
829723
987337
976795
444104
404725
531872
87649
873619
65811
995569
891319
582715
463814
812474
320027
326941
476461
305744
318304
402704
489036
672507
859557
682192
592301
315239
694654
133210
364671
632396
738506
128325
666617
578493
119562
693422
572643
700612
256743
753472
804096
872860
425938
499959
994685
730249
92500
619173
780348
186640
673702
25689
767499
284541
307530
443034
492054
617106
796509
849960
232541
196245
226033
125549
551051
963480
523564
108044
282262
478491
298075
585564
277845
541374
771512
86032
651901
57026
832418
105483
975474
585588
474164
544345
66693
233741
48092
637774
295665
820068
932545
41578
523213
498130
271786
689311
399167
252312
598595
307771
652950
613638
153919
897936
977032
809925
544772
583130
135688
730222
893636
364822
74638
640966
907736
466182
996566
189936
700432
701738
770447
556465
337303
358621
941577
911340
529714
20934
732389
315773
924108
56881
975180
766528
833205
702108
303017
331352
966548
675663
628120
395937
930643
756254
676105
454184
307239
412280
370024
934730
550472
250879
790015
120447
317982
584543
579731
969322
345625
377839
815770
62036
466728
339305
76722
505932
166052
161923
61104
658102
499303
997750
106337
451739
114140
354728
941049
400704
872655
115146
452087
883274
985806
414826
186
387274
613980
659690
616428
442033
457443
648234
396948
61446
455383
813724
414960
940504
730493
648766
135355
954566
197639
151432
180518
477416
262470
601807
525258
581737
111208
401462
868170
338084
297361
126824
162538
391742
675621
162660
38086
734366
619969
208831
698199
58565
214916
552366
41964
595230
363645
871913
98594
576982
116477
345481
254261
803012
295468
540279
529970
79280
678392
565851
592771
908019
148360
396313
172086
296326
878770
143469
558352
151445
869938
432771
371546
595680
614400
80615
523663
939569
319123
755134
469915
586624
502491
828439
200771
80186
315010
476839
791410
630093
915789
828653
359794
783470
306972
277069
195197
940881
678491
124345
323100
875134
987750
970941
325685
177153
394136
722066
603334
40285
801685
405423
469519
516283
422656
580645
995638
935938
10493
672251
895066
481278
149140
809675
785926
950533
617932
22066
341847
982522
873875
86132
12907
814387
226690
280335
566893
132179
351542
439856
610378
643957
24110
380952
116459
54565
127096
599461
189283
902404
459331
383215
752129
216332
905539
442577
835373
48362
196888
820488
441150
826341
199411
588001
264472
353103
503547
799784
68109
554687
218174
825933
935379
631459
466116
784406
445386
598563
14567
414141
247399
957946
866293
541114
164628
605090
415125
220487
14330
625651
478335
571608
21021
184838
819610
59587
824854
604359
787742
763693
283364
523401
837238
226772
542998
666522
373808
80105
625330
441834
12341
163366
142961
184459
742294
202294
244161
386707
598009
51150
385102
397793
854806
511707
952416
483294
883565
382784
270620
839147
194163
145326
474435
505697
7334
62041
25809
71155
553291
573866
520449
566018
994582
878034
201842
557874
258104
959791
113540
48694
917543
98007
777812
44065
822339
185277
902764
541270
524900
645572
451193
45585
330391
945971
589215
842166
454278
296612
451566
77187
936928
169887
984032
126944
796485
123283
756758
518562
680558
245847
166075
358140
59105
989506
690727
684314
728786
948981
46973
142556
928052
382139
91140
554732
285900
76758
672390
4187
169872
670435
55415
641820
331146
410789
765972
489644
413679
415443
652973
24005
579619
335371
22218
177082
988540
98424
41428
956721
967803
599360
549864
728657
963159
315364
114753
393147
490409
236924
169504
96965
50974
179031
617529
797514
207783
677546
587697
546929
112364
475090
331986
922435
781633
72735
437051
280601
627746
349938
647458
782426
843755
992515
324923
240670
687296
874308
961616
830623
730244
224657
489870
399332
630718
409673
739683
978221
612276
180892
16675
799158
194773
334193
810469
730871
272650
420011
731562
578360
372120
832612
521884
804166
67973
866424
181225
59617
957197
692051
890138
139987
652275
415818
459645
548588
675761
402739
618610
519612
568552
996527
59177
135217
632803
675456
768920
396001
994082
133009
11078
158736
730174
949274
571789
879602
434052
907042
127570
991533
409085
208315
354377
355439
302830
669219
730880
483803
700726
418389
589020
357811
938665
593781
349854
575594
243802
161457
655903
471740
198814
553472
315010
570287
224602
210107
69153
742272
827499
25199
254540
354832
473027
780213
43315
563893
699340
261162
330561
694953
744737
567391
412403
796244
195755
735025
513175
610108
130504
488178
440539
133182
317305
261333
911960
419099
60928
599299
694018
513708
182751
288184
319045
6464
415514
496239
908015
285626
242578
734609
91308
23946
318689
584828
104676
941475
128596
174409
573851
471649
60901
91422
30930
625682
714414
550532
361647
407365
125375
521377
253613
896575
642087
196294
275536
22564
494521
861665
121695
577117
588094
890659
316077
596945
626969
810161
808395
429673
611647
749860
295747
913042
255743
572123
327421
180785
164620
268797
181172
198644
790691
246857
384732
306415
435995
555134
594050
587992
589654
426500
67376
615421
831541
81575
177326
87788
723072
171829
772671
518078
714900
213994
578978
283284
14609
400313
360375
811866
604840
13862
387451
649379
863480
668877
308802
798656
293535
932753
265997
20137
332781
153783
557405
886172
707015
458519
662568
564591
807718
663027
885914
679067
816079
931741
18945
996950
735918
720158
208399
287221
132928
879753
638489
49220
319743
231081
57117
897386
137629
256191
929
220651
903224
138125
24618
859112
209455
500058
416263
674893
356571
239066
911726
758041
40288
760006
512215
312598
680480
410683
931698
209690
620371
976561
803756
645603
83725
934544
385939
303385
373947
781891
886289
765859
151371
691656
151886
965639
328558
393555
54466
130717
182458
671709
965210
729310
428184
575061
632019
206818
726111
504456
366961
312190
147227
427466
206581
645219
313266
745215
636069
232224
398280
405325
6814
269161
523407
198631
921514
783388
812078
909253
825212
370232
795058
751279
323731
896996
765194
846125
143161
182813
657716
956292
641569
376676
25569
339240
787970
62431
903249
486174
267415
109013
812391
248540
82406
316942
599968
808827
485647
875489
545924
302466
926206
858698
871316
857231
785084
764651
273698
146695
911819
690323
97507
945025
853330
682541
328160
331617
53772
500579
669357
645725
231280
510570
243571
119953
306047
312064
63684
802396
177127
861418
5139
137300
445409
952387
84255
328822
682653
662314
235623
751825
943575
811947
871252
945750
289441
312919
783216
858507
803245
131687
986564
705041
597840
741978
81965
677723
646837
252314
624980
873044
638351
168858
307145
53634
859680
717465
959473
475476
217712
849098
88152
383397
194535
168278
820552
836443
676645
548910
636047
189195
401793
720384
577828
511114
307874
604313
477200
460898
793063
828709
981242
829563
932489
709389
933866
105401
402224
838854
468790
671013
705636
697024
922192
362983
141994
879280
304242
725372
139246
112590
612009
407778
306301
886381
326108
47196
70916
961417
349796
679163
862497
631376
233073
270559
695188
248792
629628
942059
863485
298272
132288
775506
977590
393122
582629
139254
995475
10715
911515
544257
221517
975779
56162
369136
255639
357192
527564
344091
171596
520544
167459
440665
462594
879915
33268
505521
121888
507758
415861
138371
63129
982740
396755
249973
474006
73364
451267
663146
869175
595366
530062
415146
467980
422192
410709
785064
817624
195712
895057
820254
853243
648747
673547
418970
137361
458029
276870
256647
46063
752115
930825
512875
660799
320854
746363
596050
311572
995735
845654
435262
259603
920692
1643
345017
376415
54732
570762
204242
478705
418695
862077
219635
105405
227
553823
915002
512979
843880
281393
742292
822228
167814
752849
120363
732859
67604
876193
724029
722785
928808
231841
430536
705563
119140
307703
512393
242174
348832
73003
374825
744029
621331
711001
718718
234499
110603
749379
35590
917841
994331
108029
232728
232636
53830
750261
189875
274506
38957
624664
391811
81164
802402
452202
341244
739092
444183
686514
675587
815072
508894
877453
861446
773184
866036
671588
9910
31722
778047
534967
460734
37697
988841
808068
483232
320724
986896
562429
754570
279445
248605
782500
538395
886503
992136
398642
857531
862923
97366
267075
706372
534661
345579
858762
6982
325881
403481
954043
234754
121879
818870
18275
337330
904136
827524
68648
597
991890
307819
951397
241165
137021
233567
537585
68186
184920
187124
428155
555550
61425
291361
223924
417395
363273
376867
438647
875905
977497
905299
807866
492957
737410
330156
537041
106800
839998
953403
339323
60227
708899
297650
993784
298066
314629
320401
674018
164287
844315
783162
915808
122497
717933
634907
283608
123846
326282
70535
20758
909430
760886
190128
42739
821250
864653
544631
118660
77856
171876
955449
476526
246961
737881
859646
139002
168810
440071
853943
482851
13228
212285
511780
115558
769443
836421
934796
502466
909203
14381
819625
802982
888192
980794
199219
605926
284184
503708
288968
878416
377054
952517
393321
754537
544555
445453
159879
592221
691247
700936
167566
194273
310308
447201
503345
829822
796441
654726
739469
411204
645535
663363
155773
118222
547045
401498
87446
793129
377363
220509
413516
185961
39811
950819
273988
209897
955650
260918
953633
969616
352327
734709
43100
699597
179095
852927
392218
115823
947780
705956
141199
503689
763516
829151
108682
508142
981258
620241
381616
477742
775235
478159
342591
767970
627669
628567
192016
633263
146021
450282
938065
531110
917648
745718
887469
825941
625434
696562
808269
924073
69037
820324
334789
561864
313703
671406
635645
926309
355958
619168
148506
824807
596467
688811
814384
551936
382123
241838
132268
425997
196688
967743
237483
657766
299897
564395
642795
932957
600946
586512
696080
526083
362502
759311
823998
712666
204087
193160
469041
471308
800939
472515
180158
378224
109863
517293
883684
413107
342930
199345
683870
412366
25348
72277
690047
575786
316101
853655
55740
725287
609813
360394
240804
87071
386807
202149
80580
545490
147163
207057
297977
543973
89759
231599
910827
848924
6047
397271
483860
245550
123247
812326
307679
342839
926060
111487
161694
570410
965833
581564
205794
714696
741566
240219
546677
443771
884479
282368
553993
80953
534559
876614
195458
728870
166229
301463
916490
599373
327838
201263
372082
890237
759824
114906
338823
3837
952063
502008
737928
583128
597429
578965
880896
54511
49605
314044
257062
499199
465036
216579
226978
872626
743905
87109
919208
487384
423770
691416
342132
261751
961551
624241
444852
829385
489048
190337
351650
917221
909549
553559
568956
299232
762175
430858
811807
312192
341849
725111
433694
796301
848472
832938
363255
985769
793935
791285
940993
601384
623210
339220
741628
544595
805098
41068
845040
744825
395053
445955
51263
20023
401876
62507
673756
387466
450350
583422
748963
464204
356982
619204
634744
480294
186419
661704
749370
219126
545696
112843
204064
596434
291911
484689
748609
26867
482601
380482
216031
106125
967272
531357
715125
395778
957135
613152
427105
805603
475100
299668
897956
962103
525049
535635
707279
618291
252173
680673
446726
666732
123449
510971
205980
428764
943
53782
39265
22085
977284
357961
242353
333661
663311
387695
839100
138368
550661
738169
153144
856965
728117
938715
600252
492362
731251
700866
769747
855551
975411
418291
573563
309413
341641
936725
648465
515677
68440
497254
897398
178416
119381
108155
327843
842107
815746
614133
597312
325824
